 N A P X M F E S C L B
N 50 -100 -100 -100 -80 -100 -100 25 -100 -100 -100
A -100 150 -100 -75 -100 -100 -100 -100 -100 -100 -100
P -100 -100 200 -80 -100 -100 -100 -100 -100 -100 -100
X -100 -75 -80 150 -100 -100 -100 -100 -100 -100 -100
M -80 -100 -100 -100 75 -100 -50 -100 -50 -100 -100
F -100 -100 -100 -100 -100 75 -100 -100 -100 -100 -100 
E -100 -100 -100 -100 -50 -100 100 -100 50 -100 -100 
S 25 -100 -100 -100 -100 -100 -100 50 -100 -100 -100 
C -100 -100 -100 -100 -50 -100 50 -100 100 -100 -100 
L -100 -100 -100 -100 -100 -100 -100 -100 -100 80 -100 
B -100 -100 -100 -100 -100 -100 -100 -100 -100 -100 100 
